0 0 0.08297129720449448
0 1 0.03084281086921692
0 2 0.030651172623038292
0 3 0.030598467215895653
0 4 0.03059541992843151
0 5 0.030571870505809784
0 6 0.03055865503847599
0 7 0.03055233135819435
0 8 0.03055274486541748
0 9 0.03055891953408718
0 10 0.030551128089427948
0 11 0.030557451769709587
0 12 0.03054342418909073
0 13 0.030548006296157837
0 14 0.030609071254730225
0 15 0.030572690069675446
0 16 0.030552763491868973
0 17 0.0305466391146183
0 18 0.03053988143801689
0 19 0.030538350343704224
0 20 0.030537011101841927
0 21 0.030544953420758247
0 22 0.03054371103644371
0 23 0.030541090294718742
0 24 0.030538199469447136
0 25 0.030535368248820305
0 26 0.03055707737803459
0 27 0.03054921142756939
0 28 0.03054621070623398
0 29 0.03055797703564167
0 30 0.030535981059074402
1 0 0.030842836946249008
1 1 0.08297136425971985
1 2 0.030636869370937347
1 3 0.030591405928134918
1 4 0.030582798644900322
1 5 0.030575396493077278
1 6 0.030559765174984932
1 7 0.030552737414836884
1 8 0.030555417761206627
1 9 0.030562248080968857
1 10 0.0305533055216074
1 11 0.030560040846467018
1 12 0.030544424429535866
1 13 0.030549099668860435
1 14 0.030628226697444916
1 15 0.03057384490966797
1 16 0.030553938820958138
1 17 0.0305472519248724
1 18 0.03054029494524002
1 19 0.030538523569703102
1 20 0.030537232756614685
1 21 0.0305448267608881
1 22 0.03054339997470379
1 23 0.030541134998202324
1 24 0.030538145452737808
1 25 0.0305351410061121
1 26 0.030556127429008484
1 27 0.030547987669706345
1 28 0.03054516762495041
1 29 0.03055540844798088
1 30 0.03053555078804493
2 0 0.03065137006342411
2 1 0.030637042596936226
2 2 0.08297183364629745
2 3 0.030692392960190773
2 4 0.030606204643845558
2 5 0.03055928274989128
2 6 0.03055131807923317
2 7 0.03054719604551792
2 8 0.030554240569472313
2 9 0.030563464388251305
2 10 0.030553432181477547
2 11 0.030563322827219963
2 12 0.030545301735401154
2 13 0.030551984906196594
2 14 0.030625658109784126
2 15 0.0305991992354393
2 16 0.03055940382182598
2 17 0.030551061034202576
2 18 0.030541952699422836
2 19 0.030540358275175095
2 20 0.030538583174347878
2 21 0.03054950200021267
2 22 0.030547717586159706
2 23 0.030544063076376915
2 24 0.030540326610207558
2 25 0.030536644160747528
2 26 0.03056921996176243
2 27 0.030554695054888725
2 28 0.03055018000304699
2 29 0.03056647628545761
2 30 0.030536683276295662
3 0 0.030600963160395622
3 1 0.0305938757956028
3 2 0.03069469705224037
3 3 0.08297806233167648
3 4 0.030616693198680878
3 5 0.03055545501410961
3 6 0.03054988943040371
3 7 0.03054684028029442
3 8 0.030553996562957764
3 9 0.030562706291675568
3 10 0.03055393323302269
3 11 0.030563941225409508
3 12 0.030547240749001503
3 13 0.030554715543985367
3 14 0.030596304684877396
3 15 0.030611759051680565
3 16 0.03056325949728489
3 17 0.03055504336953163
3 18 0.03054487332701683
3 19 0.030543649569153786
3 20 0.030541496351361275
3 21 0.030555443838238716
3 22 0.030553625896573067
3 23 0.03054830990731716
3 24 0.030544118955731392
3 25 0.03054002672433853
3 26 0.030586352571845055
3 27 0.030563941225409508
3 28 0.030557310208678246
3 29 0.030581694096326828
3 30 0.030539777129888535
4 0 0.030605927109718323
4 1 0.030593277886509895
4 2 0.030616519972682
4 3 0.030624711886048317
4 4 0.08299979567527771
4 5 0.030564459040760994
4 6 0.030559634789824486
4 7 0.030556809157133102
4 8 0.030556250363588333
4 9 0.03056088648736477
4 10 0.030555859208106995
4 11 0.030561108142137527
4 12 0.030551278963685036
4 13 0.030555786564946175
4 14 0.03057980351150036
4 15 0.03057802841067314
4 16 0.030560368672013283
4 17 0.030556052923202515
4 18 0.030549634248018265
4 19 0.03054899349808693
4 20 0.030547313392162323
4 21 0.03055759333074093
4 22 0.030557328835129738
4 23 0.03055255487561226
4 24 0.030549904331564903
4 25 0.03054768033325672
4 26 0.03057488240301609
4 27 0.030569924041628838
4 28 0.030565155670046806
4 29 0.030593352392315865
4 30 0.03054911270737648
5 0 0.030588224530220032
5 1 0.030591728165745735
5 2 0.030575431883335114
5 3 0.030569307506084442
5 4 0.03057030774652958
5 5 0.08301568031311035
5 6 0.030649367719888687
5 7 0.03060002066195011
5 8 0.030566006898880005
5 9 0.030566684901714325
5 10 0.030563419684767723
5 11 0.03056452050805092
5 12 0.030557142570614815
5 13 0.03055867925286293
5 14 0.03057882748544216
5 15 0.030566014349460602
5 16 0.030560364946722984
5 17 0.030556976795196533
5 18 0.030553314834833145
5 19 0.030551791191101074
5 20 0.030551128089427948
5 21 0.030555007979273796
5 22 0.030554188415408134
5 23 0.030553139746189117
5 24 0.030551282688975334
5 25 0.030549341812729836
5 26 0.030559826642274857
5 27 0.03055662102997303
5 28 0.030555330216884613
5 29 0.030560126528143883
5 30 0.03055018186569214
6 0 0.030576173216104507
6 1 0.03057725913822651
6 2 0.03056863322854042
6 3 0.030564909800887108
6 4 0.030566655099391937
6 5 0.030650543048977852
6 6 0.08301886171102524
6 7 0.030673429369926453
6 8 0.03056241385638714
6 9 0.03056260198354721
6 10 0.03056056797504425
6 11 0.030561141669750214
6 12 0.030556045472621918
6 13 0.030557075515389442
6 14 0.030569838359951973
6 15 0.030562249943614006
6 16 0.03055827133357525
6 17 0.030555810779333115
6 18 0.030553000047802925
6 19 0.030551772564649582
6 20 0.030551230534911156
6 21 0.030554400756955147
6 22 0.030553817749023438
6 23 0.03055288828909397
6 24 0.030551403760910034
6 25 0.03054990991950035
6 26 0.030558163300156593
6 27 0.03055601567029953
6 28 0.03055504523217678
6 29 0.03055890090763569
6 30 0.030551021918654442
7 0 0.03057321533560753
7 1 0.03057359717786312
7 2 0.030567876994609833
7 3 0.030565228313207626
7 4 0.030567197129130363
7 5 0.030604565516114235
7 6 0.030676810070872307
7 7 0.08302801102399826
7 8 0.030562803149223328
7 9 0.03056292235851288
7 10 0.030561404302716255
7 11 0.030561847612261772
7 12 0.030557869002223015
7 13 0.030558696016669273
7 14 0.030568251386284828
7 15 0.030562885105609894
7 16 0.030559677630662918
7 17 0.03055771067738533
7 18 0.03055536560714245
7 19 0.03055434487760067
7 20 0.03055386245250702
7 21 0.030556662008166313
7 22 0.030556226149201393
7 23 0.03055533953011036
7 24 0.030554087832570076
7 25 0.030552897602319717
7 26 0.030559858307242393
7 27 0.030558304861187935
7 28 0.030557522550225258
7 29 0.030560828745365143
7 30 0.030554231256246567
8 0 0.03056027553975582
8 1 0.030562924221158028
8 2 0.030561573803424835
8 3 0.030559036880731583
8 4 0.030553288757801056
8 5 0.030557196587324142
8 6 0.03055243194103241
8 7 0.03054945543408394
8 8 0.08299174904823303
8 9 0.03063787706196308
8 10 0.03072510100901127
8 11 0.03060854598879814
8 12 0.0305816400796175
8 13 0.03057924285531044
8 14 0.030574161559343338
8 15 0.03056797944009304
8 16 0.030575454235076904
8 17 0.030564673244953156
8 18 0.03055628202855587
8 19 0.030549844726920128
8 20 0.03054932877421379
8 21 0.030552377924323082
8 22 0.030549464747309685
8 23 0.03055073507130146
8 24 0.030546462163329124
8 25 0.03054148331284523
8 26 0.030555633828043938
8 27 0.0305485799908638
8 28 0.030546868219971657
8 29 0.03055013157427311
8 30 0.030540291219949722
9 0 0.030559541657567024
9 1 0.03056284599006176
9 2 0.03056388907134533
9 3 0.03056083805859089
9 4 0.030551016330718994
9 5 0.030550966039299965
9 6 0.030545713379979134
9 7 0.03054266795516014
9 8 0.03063095174729824
9 9 0.08297298848628998
9 10 0.03064153902232647
9 11 0.030751623213291168
9 12 0.030569694936275482
9 13 0.030586224049329758
9 14 0.030584601685404778
9 15 0.030580313876271248
9 16 0.03059207834303379
9 17 0.030566876754164696
9 18 0.030551189556717873
9 19 0.030544843524694443
9 20 0.030543506145477295
9 21 0.030550140887498856
9 22 0.030546126887202263
9 23 0.030547039583325386
9 24 0.030541522428393364
9 25 0.030535666272044182
9 26 0.03055613487958908
9 27 0.030545150861144066
9 28 0.03054274618625641
9 29 0.030547266826033592
9 30 0.030534250661730766
10 0 0.030556218698620796
10 1 0.030558373779058456
10 2 0.030558325350284576
10 3 0.030556533485651016
10 4 0.030550459399819374
10 5 0.030552171170711517
10 6 0.030548149719834328
10 7 0.030545618385076523
10 8 0.03072264976799488
10 9 0.03064602240920067
10 10 0.08298512548208237
10 11 0.03062457963824272
10 12 0.030594058334827423
10 13 0.03059176541864872
10 14 0.03056914545595646
10 15 0.030567137524485588
10 16 0.030582081526517868
10 17 0.030568484216928482
10 18 0.030557649210095406
10 19 0.030549408867955208
10 20 0.030548812821507454
10 21 0.030551843345165253
10 22 0.03054831735789776
10 23 0.03055024892091751
10 24 0.0305451862514019
10 25 0.030539438128471375
10 26 0.030554544180631638
10 27 0.030546734109520912
10 28 0.03054492175579071
10 29 0.03054802492260933
10 30 0.030537940561771393
11 0 0.03055722266435623
11 1 0.030559785664081573
11 2 0.03056289441883564
11 3 0.030561218038201332
11 4 0.030550384894013405
11 5 0.03054794855415821
11 6 0.030543401837348938
11 7 0.030540741980075836
11 8 0.03060077130794525
11 9 0.030750764533877373
11 10 0.030619245022535324
11 11 0.08297067135572433
11 12 0.03057096339762211
11 13 0.03060346283018589
11 14 0.030579425394535065
11 15 0.030586788430809975
11 16 0.03062036633491516
11 17 0.030575696378946304
11 18 0.030553137883543968
11 19 0.030545949935913086
11 20 0.030544156208634377
11 21 0.030552541837096214
11 22 0.03054746426641941
11 23 0.03054877743124962
11 24 0.030542125925421715
11 25 0.030535375699400902
11 26 0.0305588711053133
11 27 0.03054567612707615
11 28 0.030542977154254913
11 29 0.03054756671190262
11 30 0.03053363412618637
12 0 0.030558248981833458
12 1 0.030559223145246506
12 2 0.030559929087758064
12 3 0.03055957518517971
12 4 0.030555611476302147
12 5 0.03055563010275364
12 6 0.030553361400961876
12 7 0.030551817268133163
12 8 0.030588943511247635
12 9 0.030583908781409264
12 10 0.030603807419538498
12 11 0.030586032196879387
12 12 0.08301156759262085
12 13 0.03060704469680786
12 14 0.03056434914469719
12 15 0.030566329136490822
12 16 0.03058280609548092
12 17 0.030582385137677193
12 18 0.03058222122490406
12 19 0.030564067885279655
12 20 0.03056509792804718
12 21 0.030561670660972595
12 22 0.030557828024029732
12 23 0.030562223866581917
12 24 0.030556369572877884
12 25 0.03054920956492424
12 26 0.030560674145817757
12 27 0.03055468760430813
12 28 0.030553266406059265
12 29 0.030554963275790215
12 30 0.030547071248292923
13 0 0.03055351972579956
13 1 0.03055458888411522
13 2 0.03055730275809765
13 3 0.030557740479707718
13 4 0.03055080771446228
13 5 0.0305478535592556
13 6 0.030545080080628395
13 7 0.030543332919478416
13 8 0.030577225610613823
13 9 0.030591120943427086
13 10 0.030592188239097595
13 11 0.030609216541051865
13 12 0.030597718432545662
13 13 0.0829862728714943
13 14 0.030562851577997208
13 15 0.03057229518890381
13 16 0.030648889020085335
13 17 0.03063371405005455
13 18 0.030576717108488083
13 19 0.030559789389371872
13 20 0.03055725246667862
13 21 0.030563386157155037
13 22 0.03055579401552677
13 23 0.030561769381165504
13 24 0.030551450327038765
13 25 0.030541760846972466
13 26 0.030562028288841248
13 27 0.030550522729754448
13 28 0.03054814599454403
13 29 0.03055073320865631
13 30 0.030539054423570633
14 0 0.030613284558057785
14 1 0.030632419511675835
14 2 0.030629675835371017
14 3 0.030598020181059837
14 4 0.030573513358831406
14 5 0.030566686764359474
14 6 0.030556529760360718
14 7 0.030551576986908913
14 8 0.03057083487510681
14 9 0.030588187277317047
14 10 0.030568260699510574
14 11 0.030583864077925682
14 12 0.030553728342056274
14 13 0.0305615421384573
14 14 0.08298271894454956
14 15 0.030605727806687355
14 16 0.0305698961019516
14 17 0.030557863414287567
14 18 0.030547617003321648
14 19 0.030544918030500412
14 20 0.030543381348252296
14 21 0.030552368611097336
14 22 0.03054984100162983
14 23 0.030547969043254852
14 24 0.030543891713023186
14 25 0.030539678409695625
14 26 0.030565589666366577
14 27 0.030552852898836136
14 28 0.03054961934685707
14 29 0.030558770522475243
14 30 0.03053923323750496
15 0 0.030576542019844055
15 1 0.03057767078280449
15 2 0.03060285747051239
15 3 0.030613120645284653
15 4 0.030571380630135536
15 5 0.03055352158844471
15 6 0.030548589304089546
15 7 0.030545854941010475
15 8 0.03056429699063301
15 9 0.030583541840314865
15 10 0.03056589514017105
15 11 0.030590873211622238
15 12 0.030555350705981255
15 13 0.030570628121495247
15 14 0.030605370178818703
15 15 0.08298175036907196
15 16 0.030593257397413254
15 17 0.030570311471819878
15 18 0.030551385134458542
15 19 0.030548682436347008
15 20 0.030545921996235847
15 21 0.03056347370147705
15 22 0.030558189377188683
15 23 0.03055446408689022
15 24 0.03054777719080448
15 25 0.030541302636265755
15 26 0.03059592843055725
15 27 0.03056063875555992
15 28 0.030555007979273796
15 29 0.030566703528165817
15 30 0.030539730563759804
16 0 0.030555980280041695
16 1 0.03055712953209877
16 2 0.030562421306967735
16 3 0.03056398406624794
16 4 0.030553091317415237
16 5 0.030547240749001503
16 6 0.0305439792573452
16 7 0.03054201789200306
16 8 0.030571136623620987
16 9 0.03059467487037182
16 10 0.030580202117562294
16 11 0.030623819679021835
16 12 0.030571186915040016
16 13 0.030646583065390587
16 14 0.030568907037377357
16 15 0.030592622235417366
16 16 0.08298002928495407
16 17 0.030631426721811295
16 18 0.030564093962311745
16 19 0.03055548295378685
16 20 0.030551739037036896
16 21 0.030567901208996773
16 22 0.03055805154144764
16 23 0.03056136518716812
16 24 0.0305501539260149
16 25 0.030540354549884796
16 26 0.030571769922971725
16 27 0.03055260330438614
16 28 0.030549174174666405
16 29 0.03055325709283352
16 30 0.030537640675902367
17 0 0.030553825199604034
17 1 0.03055441379547119
17 2 0.03055804967880249
17 3 0.030559739097952843
17 4 0.03055274859070778
17 5 0.03054782561957836
17 6 0.030545487999916077
17 7 0.030544022098183632
17 8 0.030564330518245697
17 9 0.030573444440960884
17 10 0.030570579692721367
17 11 0.03058312088251114
17 12 0.03057474084198475
17 13 0.030635390430688858
17 14 0.030560845509171486
17 15 0.030573653057217598
17 16 0.03063540905714035
17 17 0.08299081772565842
17 18 0.030584821477532387
17 19 0.030570391565561295
17 20 0.03056333400309086
17 21 0.030580541118979454
17 22 0.030565811321139336
17 23 0.030578240752220154
17 24 0.030559206381440163
17 25 0.030545152723789215
17 26 0.03057006001472473
17 27 0.030555492267012596
17 28 0.0305525790899992
17 29 0.03055451810359955
17 30 0.030541419982910156
18 0 0.03055567666888237
18 1 0.03055606596171856
18 2 0.030557552352547646
18 3 0.030558181926608086
18 4 0.030554940924048424
18 5 0.030552774667739868
18 6 0.030551288276910782
18 7 0.030550286173820496
18 8 0.030564552173018456
18 9 0.030566368252038956
18 10 0.030568359419703484
18 11 0.03056917153298855
18 12 0.030583195388317108
18 13 0.030587010085582733
18 14 0.03055921010673046
18 15 0.030563337728381157
18 16 0.030576683580875397
18 17 0.030593443661928177
18 18 0.08301421254873276
18 19 0.03059888631105423
18 20 0.03060615435242653
18 21 0.030570445582270622
18 22 0.030564336106181145
18 23 0.03057887591421604
18 24 0.030566729605197906
18 25 0.030552461743354797
18 26 0.0305625032633543
18 27 0.03055703081190586
18 28 0.030555669218301773
18 29 0.03055604174733162
18 30 0.030548550188541412
19 0 0.03055459074676037
19 1 0.030554739758372307
19 2 0.03055640123784542
19 3 0.030557401478290558
19 4 0.030554743483662605
19 5 0.030551696196198463
19 6 0.030550505965948105
19 7 0.030549712479114532
19 8 0.03055855818092823
19 9 0.030560463666915894
19 10 0.030560560524463654
19 11 0.030562423169612885
19 12 0.03056548535823822
19 13 0.03057052381336689
19 14 0.03055695630609989
19 15 0.03056107647716999
19 16 0.03056851401925087
19 17 0.030579455196857452
19 18 0.030599331483244896
19 19 0.08301541954278946
19 20 0.030628524720668793
19 21 0.030577467754483223
19 22 0.03057105280458927
19 23 0.03060518205165863
19 24 0.03058645874261856
19 25 0.030555961653590202
19 26 0.03056313656270504
19 27 0.030559055507183075
19 28 0.03055788390338421
19 29 0.030556943267583847
19 30 0.030549781396985054
20 0 0.03055635653436184
20 1 0.030556553974747658
20 2 0.030557731166481972
20 3 0.030558353289961815
20 4 0.030556170269846916
20 5 0.030554139986634254
20 6 0.030553070828318596
20 7 0.03055233508348465
20 8 0.03056114912033081
20 9 0.030562233179807663
20 10 0.030563071370124817
20 11 0.030563736334443092
20 12 0.03056962415575981
20 13 0.030571093782782555
20 14 0.030558524653315544
20 15 0.030561422929167747
20 16 0.030567876994609833
20 17 0.030575502663850784
20 18 0.03060971200466156
20 19 0.030631639063358307
20 20 0.08302386105060577
20 21 0.030569875612854958
20 22 0.030566085129976273
20 23 0.030580801889300346
20 24 0.030574101954698563
20 25 0.030556708574295044
20 26 0.03056207112967968
20 27 0.030558859929442406
20 28 0.03055797517299652
20 29 0.0305575430393219
20 30 0.030551852658391
21 0 0.03055444546043873
21 1 0.03055429458618164
21 2 0.03055879846215248
21 3 0.030562447383999825
21 4 0.03055659495294094
21 5 0.030548162758350372
21 6 0.030546383932232857
21 7 0.030545279383659363
21 8 0.03055434115231037
21 9 0.030559012666344643
21 10 0.030556246638298035
21 11 0.03056226670742035
21 12 0.030556337907910347
21 13 0.030567366629838943
21 14 0.030557656660676003
21 15 0.03056912124156952
21 16 0.03057418391108513
21 17 0.03058284893631935
21 18 0.030564136803150177
21 19 0.03057071380317211
21 20 0.030560016632080078
21 21 0.08299708366394043
21 22 0.03065180778503418
21 23 0.030617648735642433
21 24 0.030579937621951103
21 25 0.03055332787334919
21 26 0.03058902733027935
21 27 0.03057250753045082
21 28 0.030567210167646408
21 29 0.03056451864540577
21 30 0.030546218156814575
22 0 0.030555814504623413
22 1 0.03055547922849655
22 2 0.03055962547659874
22 3 0.030563240870833397
22 4 0.030558941885828972
22 5 0.030549954622983932
22 6 0.03054841421544552
22 7 0.030547454953193665
22 8 0.030554039403796196
22 9 0.030557608231902122
22 10 0.030555330216884613
22 11 0.030559800565242767
22 12 0.030555108562111855
22 13 0.0305623859167099
22 14 0.030557740479707718
22 15 0.030566446483135223
22 16 0.030566943809390068
22 17 0.030570732429623604
22 18 0.03056064248085022
22 19 0.03056691214442253
22 20 0.030558837577700615
22 21 0.030654428526759148
22 22 0.0830041766166687
22 23 0.03059576079249382
22 24 0.030585013329982758
22 25 0.030559871345758438
22 26 0.03058663383126259
22 27 0.030584057793021202
22 28 0.03057876229286194
22 29 0.03056957945227623
22 30 0.030550291761755943
23 0 0.03055376373231411
23 1 0.03055378422141075
23 2 0.030556539073586464
23 3 0.030558492988348007
23 4 0.030554737895727158
23 5 0.03054947592318058
23 6 0.030548054724931717
23 7 0.030547138303518295
23 8 0.030555881559848785
23 9 0.03055909276008606
23 10 0.03055783361196518
23 11 0.03056168556213379
23 12 0.030560074374079704
23 13 0.030568933114409447
23 14 0.030556438490748405
23 15 0.030563293024897575
23 16 0.030570829287171364
23 17 0.030583733692765236
23 18 0.030575750395655632
23 19 0.030601609498262405
23 20 0.030574122443795204
23 21 0.030620837584137917
23 22 0.030596332624554634
23 23 0.08300572633743286
23 24 0.030607717111706734
23 25 0.03055586665868759
23 26 0.03057025372982025
23 27 0.030563540756702423
23 28 0.030561333522200584
23 29 0.030559122562408447
23 30 0.030548004433512688
24 0 0.030556822195649147
24 1 0.03055674396455288
24 2 0.03055875189602375
24 3 0.03056025505065918
24 4 0.030558036640286446
24 5 0.03055356815457344
24 6 0.030552519485354424
24 7 0.030551837757229805
24 8 0.030557557940483093
24 9 0.03055952489376068
24 10 0.030558720231056213
24 11 0.03056098148226738
24 12 0.030560169368982315
24 13 0.0305645652115345
24 14 0.030558312311768532
24 15 0.03056255541741848
24 16 0.030565567314624786
24 17 0.03057064861059189
24 18 0.03056955710053444
24 19 0.030588844791054726
24 20 0.030573377385735512
24 21 0.03058907948434353
24 22 0.030591541901230812
24 23 0.030613677576184273
24 24 0.08302189409732819
24 25 0.03056705929338932
24 26 0.030568009242415428
24 27 0.03056691400706768
24 28 0.030566193163394928
24 29 0.030562223866581917
24 30 0.03055444546043873
25 0 0.030562158674001694
25 1 0.0305619053542614
25 2 0.0305632371455431
25 3 0.030564328655600548
25 4 0.03056398220360279
25 5 0.03055979683995247
25 6 0.030559193342924118
25 7 0.030558813363313675
25 8 0.030560744926333427
25 9 0.03056183271110058
25 10 0.030561137944459915
25 11 0.030562395229935646
25 12 0.03056117706000805
25 13 0.03056303970515728
25 14 0.0305622648447752
25 15 0.03056424669921398
25 16 0.03056393191218376
25 17 0.03056475892663002
25 18 0.030563456937670708
25 19 0.030566513538360596
25 20 0.03056415170431137
25 21 0.030570631846785545
25 22 0.03057456761598587
25 23 0.03056998923420906
25 24 0.030575230717658997
25 25 0.08304408937692642
25 26 0.030567821115255356
25 27 0.030572399497032166
25 28 0.03057478554546833
25 29 0.030568132176995277
25 30 0.030569318681955338
26 0 0.03056514449417591
26 1 0.030564170330762863
26 2 0.030577093362808228
26 3 0.03059193305671215
26 4 0.030572453513741493
26 5 0.030551552772521973
26 6 0.030548717826604843
26 7 0.030547047033905983
26 8 0.030556168407201767
26 9 0.030563578009605408
26 10 0.03055751882493496
26 11 0.030567169189453125
26 12 0.03055391274392605
26 13 0.030564580112695694
26 14 0.030569450929760933
26 15 0.03060014918446541
26 16 0.030576622113585472
26 17 0.03057093918323517
26 18 0.030554767698049545
26 19 0.030554955825209618
26 20 0.03055078536272049
26 21 0.03058759681880474
26 22 0.03058258816599846
26 23 0.030565641820430756
26 24 0.03055744431912899
26 25 0.03054908849298954
26 26 0.08299320191144943
26 27 0.030591946095228195
26 28 0.030575810000300407
26 29 0.030592001974582672
26 30 0.030546030029654503
27 0 0.03055986389517784
27 1 0.030558614060282707
27 2 0.030565151944756508
27 3 0.030572105199098587
27 4 0.03057008422911167
27 5 0.03055093251168728
27 6 0.03054915741086006
27 7 0.030548078939318657
27 8 0.030551699921488762
27 9 0.030555177479982376
27 10 0.030552294105291367
27 11 0.030556557700037956
27 12 0.030550513416528702
27 13 0.030555659905076027
27 14 0.030559299513697624
27 15 0.03056744486093521
27 16 0.030560040846467018
27 17 0.030558956786990166
27 18 0.030551882460713387
27 19 0.030553463846445084
27 20 0.030550161376595497
27 21 0.030573666095733643
27 22 0.030582603067159653
27 23 0.03056151606142521
27 24 0.030558938160538673
27 25 0.030556252226233482
27 26 0.030594535171985626
27 27 0.08300022780895233
27 28 0.030698493123054504
27 29 0.030623523518443108
27 30 0.030553104355931282
28 0 0.03056005761027336
28 1 0.030558988451957703
28 2 0.030563831329345703
28 3 0.030568670481443405
28 4 0.03056851215660572
28 5 0.030552836135029793
28 6 0.030551381409168243
28 7 0.03055049106478691
28 8 0.03055318258702755
28 9 0.0305559691041708
28 10 0.030553676187992096
28 11 0.03055705316364765
28 12 0.03055228851735592
28 13 0.03055647760629654
28 14 0.03055926226079464
28 15 0.030565008521080017
28 16 0.030559806153178215
28 17 0.03055923990905285
28 18 0.03055371716618538
28 19 0.03055548667907715
28 20 0.030552471056580544
28 21 0.03057156316936016
28 22 0.03058050386607647
28 23 0.03056250512599945
28 24 0.030561411753296852
28 25 0.03056183271110058
28 26 0.03058159537613392
28 27 0.03070170432329178
28 28 0.08300890773534775
28 29 0.03060307539999485
28 30 0.03055853582918644
29 0 0.030569933354854584
29 1 0.030567336827516556
29 2 0.030578237026929855
29 3 0.030591163784265518
29 4 0.03059481270611286
29 5 0.030555738136172295
29 6 0.030553340911865234
29 7 0.03055190108716488
29 8 0.030554553493857384
29 9 0.030558595433831215
29 10 0.030554885044693947
29 11 0.03055974841117859
29 12 0.03055208921432495
29 13 0.030557170510292053
29 14 0.030566519126296043
29 15 0.03057481162250042
29 16 0.03056199476122856
29 17 0.03055928274989128
29 18 0.030552193522453308
29 19 0.03055265173316002
29 20 0.030550144612789154
29 21 0.030566977337002754
29 22 0.030569424852728844
29 23 0.030558397993445396
29 24 0.030555548146367073
29 25 0.030553286895155907
29 26 0.030595894902944565
29 27 0.03062482737004757
29 28 0.030601177364587784
29 29 0.08300375938415527
29 30 0.030553558841347694
30 0 0.030565064400434494
30 1 0.030564608052372932
30 2 0.030565569177269936
30 3 0.030566370114684105
30 4 0.030567707493901253
30 5 0.030562927946448326
30 6 0.030562598258256912
30 7 0.030562439933419228
30 8 0.030561843886971474
30 9 0.030562708154320717
30 10 0.030561931431293488
30 11 0.03056294471025467
30 12 0.030561331659555435
30 13 0.030562624335289
30 14 0.030564110726118088
30 15 0.030564965680241585
30 16 0.030563507229089737
30 17 0.030563317239284515
30 18 0.030561836436390877
30 19 0.030562624335289
30 20 0.03056158870458603
30 21 0.030565811321139336
30 22 0.030567273497581482
30 23 0.03056441619992256
30 24 0.03056490607559681
30 25 0.03057160973548889
30 26 0.030567051842808723
30 27 0.03057154454290867
30 28 0.030573781579732895
30 29 0.03057069703936577
30 30 0.08305031806230545
